1915,0
1927,0
1929,0
1930,0
1933,0
1934,1110000
1935,0
1936,0
1937,0
1938,0
1939,2240000
1940,0
1941,16399999
1942,0
1943,0
1944,2000000
1945,4000000
1946,6720000
1947,0
1948,0
1949,0
1950,8000000
1951,0
1952,0
1953,0
1954,0
1955,0
1956,84500000
1957,0
1958,0
1959,0
1960,0
1961,26600000
1962,342000
1963,57800000
1964,0
1965,171000000
1966,0
1967,0
1968,4223000
1969,206000000
1970,6000000
1971,0
1972,9600000
1973,53300000
1974,0
1975,0
1976,0
1977,0
1978,35000000
1979,109500000
1980,79945200
1981,110140
1982,5000000
1983,42300000
1984,732000
1985,147188000
1986,24216150
1987,189926000
1988,60471000
1989,139818000
1990,174180000
1991,92460000
1992,129042800
1993,312019999
1994,93302000
1995,266485699
1996,117606000
1997,173974100
1998,404097000
1999,206731000
2000,313785910
2001,324240000
2002,247036000
2003,241630000
2004,384603000
2005,304954600
2006,443679000
2007,410253799
2008,258971200
2009,763905300
2010,375451000
2011,220228000
2012,220680000
2013,955036800
2014,1114378340
year_release,0
