year_release,box_office
1971,-
2013,56700000
2010,18300000
2014,-
1998,537000
2008,81200000
2002,1130000
2013,95000000
1994,19600000
1987,1080000
1987,1080000
2001,171000000
2011,5700000
2011,5700000
2011,5700000
1993,1700000
1955,-
1966,-
2008,-
2008,-
2007,9170000
2007,9170000
1945,-
1940,-
1952,-
1930,-
2004,5880000
1959,-
2004,34300000
1956,-
2001,58200000
2006,15200000
1984,366000
1984,366000
2006,21200000
2009,14200000
2007,130000000
1992,13100000
2014,350000000
2003,6000000
2007,-
2007,-
1990,1100000
1956,-
1946,-
1950,8000000
1935,-
1984,-
2002,21100000
2002,2060000
1990,52100000
2003,365000
2002,-
1994,2390000
1994,2390000
1994,400000
1961,-
1996,2960000
2008,-
1957,-
1954,-
1964,-
1964,-
2007,18700000
2000,4220000
1997,19300
2006,-
2006,-
2000,-
1993,-
2004,6140000
2014,14500000
1941,-
1988,2180000
1962,-
1989,19100000
1988,11800000
1941,-
2001,52900000
1993,1720000
2013,86700
2004,2690000
1967,-
1967,-
1989,70000000
1976,-
1999,11500000
1938,-
1995,75600000
2007,33000000
1940,-
2009,4440000
2009,4440000
2008,105000
1972,-
2001,5000000
1944,-
1991,49100000
2013,-
1988,540000
1969,102000000
1969,102000000
2008,8130000
2008,8130000
2008,8130000
1945,-
1945,-
2002,446000
1993,-
1975,-
2005,28700000
1945,-
2013,107000000
1986,3150
1952,-
1995,3240000
1995,3240000
1958,-
1995,42400000
2010,1040000
2008,-
2006,4290000
2002,164000000
2014,5550000
1992,9490000
2007,66599999
2012,6000000
1989,259000
2008,1730000
2008,-
1969,2000000
1970,6000000
1992,8250000
1972,-
2005,61600000
1934,-
1963,57800000
1980,79900000
1994,1010000
1989,1920000
1959,-
1959,-
2002,-
2007,872000
2010,6780000
2006,353000
2013,-
2009,341000
1970,-
1983,200000
2004,-
1987,5900000
1967,-
2002,-
2013,27300000
1985,138000
1998,4530000
1995,84900000
2004,13300000
1996,226000
2014,144000
2009,44300
1954,-
1954,-
2013,-
2013,-
2013,-
1946,-
1946,-
1946,-
2013,332000
2014,-
1945,4000000
1973,-
1929,-
2005,10100000
1997,42000000
1981,100000
1940,-
1993,35100000
1985,-
2000,5710
1994,5890000
1940,-
2007,-
2006,7560000
1961,26600000
1998,30000000
2007,16300000
2000,126000000
1979,36500000
1979,36500000
1979,36500000
1971,-
2009,-
1996,50000000
2014,65000000
2006,1650000
2010,9530000
1989,3560000
1989,3560000
1957,-
1976,-
2006,1170000
1998,-
2004,51700000
1993,20100000
2008,4230000
2014,12100000
1982,5000000
1961,-
1995,-
1995,-
2010,693000
2007,36600000
1962,-
2002,25800000
2013,16100000
1968,223000
2006,221000
1982,-
1942,-
1962,-
2014,30500000
2005,31000000
2003,11600000
1999,28900000
2006,42600000
1998,6390000
2012,-
1987,124000000
2012,-
1990,46800000
1988,24700000
2006,1000000
2014,-
2007,2960000
1977,-
1989,13700000
1999,315000
1962,-
1962,-
1952,-
1965,-
1983,-
1993,5860000
1960,-
1990,11600000
1990,11600000
1990,11600000
1944,-
1989,10200000
2003,-
1998,4870000
1998,4870000
1954,-
2012,6000000
2012,6000000
1977,-
1973,-
1992,24300000
2006,14400000
1953,-
2010,617000
2008,154000
2012,6370000
2012,6370000
2005,113000
2009,2040000
1996,1810000
1958,-
1955,-
1951,-
2007,4000000
1982,-
1994,14400000
1991,4080000
1991,4080000
1996,14500000
1996,14500000
1993,25000000
2006,1150000
1996,146000
1955,-
2007,18400000
2009,37500000
2009,37500000
2006,57800000
2001,1200000
1968,-
2000,2950000
2013,-
2011,37300000
2014,-
2013,-
2009,-
1995,2470000
2014,47000000
2014,47000000
2014,47000000
2014,47000000
1939,-
1951,-
2013,323000
1998,-
1986,18000000
1948,-
2013,16100000
1959,-
1939,-
2009,94100000
2009,94100000
2014,5570
2011,1190000
2014,2450000
2013,1030000
1995,65700
1985,-
1961,-
2004,10200000
2006,-
1940,-
1990,-
1997,5530000
1987,54200000
2007,10300000
1986,278000
1972,9600000
2005,455000
1962,342000
2013,117000000
1974,-
2012,182000000
1981,-
1975,-
2008,480000
2013,125000000
2005,11000000
2005,11000000
2005,11000000
2013,-
2014,9260000
1955,-
1998,343000
1955,-
2013,355000
2014,44500
1973,-
1956,-
2003,5670000
1977,-
2011,538000
1958,-
1943,-
1943,-
1974,-
1974,-
1992,48200000
1957,-
1999,34600000
2013,8320000
1938,-
2006,16000000
1936,-
1971,-
1985,42400000
1979,-
2000,48800000
1994,-
2008,552000
2008,275000
1996,11000000
1978,35000000
2008,31800000
2014,36400000
1952,-
2004,64400000
1985,450000
2006,2980000
2001,-
2004,195000
1981,-
2011,75600000
2003,16800
2003,34500000
1952,-
2010,-
2014,3960000
1997,9220000
1994,2140000
2002,-
1960,-
2007,153000
1972,-
1981,5070
1981,5070
1989,14700000
1999,616000
2009,2480000
2011,14600000
2003,74900
1971,-
1971,-
1946,-
2007,-
1995,13600000
2000,12300
2000,12300
1994,364000
2009,36800000
2009,1450000
1999,32500000
2013,89700
1941,-
2006,13400000
2003,30500000
2003,30500000
1985,87100000
2000,-
2001,-
1973,53300000
2003,297000
1998,135000000
1970,-
1988,1220000
1998,1170000
2007,4440000
2008,-
2013,37700000
2005,21800
2001,1420000
2000,8600000
1997,532000
1987,1650000
1987,1650000
1945,-
1997,41200000
1963,-
2009,97000000
1933,-
2000,7060000
1951,-
1951,-
2003,52300000
2003,52300000
2014,-
1980,45200
1966,-
2004,75300000
1956,-
1981,-
1915,-
1936,-
2000,116000000
2006,5480000
1995,4099999
1990,15400000
1990,15400000
1945,-
1955,-
2000,-
2001,29800000
2007,-
1995,31600000
1989,1320000
2014,3090000
1993,22800000
2013,26900000
2013,26900000
1957,-
1988,331000
1940,-
1972,-
2013,83300000
2013,83300000
1993,96100000
1948,-
1993,7270000
1997,35400000
2005,98800
2014,52100000
1941,16399999
1973,-
2014,3270
1997,37900000
2010,-
1993,25800000
1993,25800000
1986,2830000
1986,2830000
1983,35600000
1946,-
2006,225000
2008,-
1956,-
2014,59700000
2011,43900000
1960,-
1942,-
1994,3340000
2003,19100
1983,6500000
1968,4000000
1952,-
2000,76100
2003,-
2003,-
2005,-
1945,-
1934,-
1934,-
1960,-
1996,1990000
1985,-
2003,47200
1992,340000
1992,340000
2003,1300000
2003,1300000
2007,4470000
2002,-
2008,-
2014,671000
2010,400000
1953,-
1938,-
1944,-
2007,3900000
2007,3900000
2004,698000
1972,-
2004,103000000
1992,17500000
1948,-
2010,-
2010,-
2010,-
2010,-
1934,-
1934,-
1995,2420000
1956,-
1992,1300000
1992,1300000
2014,-
2009,256000000
1986,275000
2014,-
2011,-
1978,-
2010,-
2007,-
2012,-
1956,4500000
2009,-
1955,-
1970,-
2009,450000
1951,-
1959,-
2007,5990000
1991,35200000
2008,13800000
1956,-
2008,28600
1980,-
1982,-
2008,9590000
1985,17100000
2013,3250000
2010,93600000
2010,331000
1959,-
2013,-
2013,-
1960,-
2001,-
1998,1210000
1955,-
1954,-
1951,-
2007,30200000
1944,-
1938,-
1936,-
1977,-
1965,8000000
1982,-
2010,-
1975,-
1934,-
1980,-
1999,50700000
2012,1940000
1980,-
2014,91100000
1958,-
1999,29000000
2013,1230000
2011,30000000
1950,-
1979,-
1946,-
1956,-
1927,-
2010,139000000
1990,2060000
1990,2060000
2011,-
1987,109000
2006,17600000
2013,270000
2012,-
2009,6620000
1997,12800
1953,-
1958,-
2004,-
1937,-
1992,22800
1955,-
2008,11500000
2013,10400
1992,4900000
1994,15200000
1951,-
1981,-
1977,-
2000,-
1962,-
1962,-
2004,16800000
1970,-
2005,12700000
2003,-
2005,1410000
2008,26800000
2008,26800000
2001,4720000
1975,-
1996,20200000
1947,-
2002,32500000
1991,-
1936,-
1942,-
1998,101000000
1998,101000000
1936,-
1933,-
1939,-
1939,-
2005,626000
2006,163000000
2006,56400000
2013,4440000
2008,36600
2005,-
2010,3570000
2010,3570000
2012,6000000
1955,-
1966,-
2010,96900000
2009,31700000
2009,31700000
1943,-
2002,-
2002,-
1965,163000000
1957,-
1939,-
1936,-
1939,1120000
1939,1120000
1999,6200000
1949,-
1956,80000000
2014,35900000
1937,-
1960,-
1957,-
1964,-
2003,4070000
2010,1120000
1996,137000
1996,137000
1957,-
1952,-
1988,-
2013,117000000
1961,-
1961,-
2005,5130000
2009,11000000
1941,-
2003,4600000
2003,4600000
1993,1570000
1993,4099999
1981,-
2008,-
1950,-
1950,-
1946,6720000
1955,-
2003,-
2003,-
1999,-
1999,-
2012,-
1994,539000
1994,539000
1999,6200000
1999,6200000
1995,340000
1995,340000
1989,409000
1988,19700000
2014,116000000
1977,-
2000,49500
2003,1570000
1990,2230000
1990,2230000
2010,-
1977,-
1934,1110000
1952,-
1971,-
1971,-
2008,25500000
2005,120000000
1987,257000
1975,-
2007,58800
1993,39100000
2007,1070000
1980,-
2009,-
1998,12400000
2014,37900000
1995,2170000
1997,2160000
1944,2000000
2011,-
1989,1090000
1952,-
1998,777000
1993,-
1948,-
1948,-
1994,25100000
1942,-
1953,-
1965,-
1950,-
1939,-
1940,-
1972,-
1964,-
